0.00101836
0.000752525
0.00065066
0.000948115
0.00116134
0.00123376
0.00162991
0.00154984
0.00160653
0
0
0
0
0
0
0
0
0
0
0
0
0
0
0
0
0
0
0
0
0
0
0
0
0
0
0
0
0
0
0
0
0
0
0
0
0
0
0
0
0.00100789
0.000761842
0.000708162
0.000911214
0.00110738
0.00130939
0.00136626
0.00141743
0.00166099
0
0
0
0
0
0
0
0
0
0
0
0
0
0
0
0
0
0
0
0
0
0
0
0
0
0
0
0
0
0
0
0
0
0
0
0
0
0
0
0
0.0017291
0.00166894
0.00124978
0.00158663
0.00197406
0
0
0
0
0
0
0
0
0
0
0
0
0
0
0
0
0
0
0
0
0
0
0
0
0
0
0
0
0
0
0
0
0
0
0
0
0
0
0
0
0
0
0
0
0.00170091
0.00166683
0.00125481
0.00159824
0.00191193
0
0
0
0
0
0
0
0
0
0
0
0
0
0
0
0
0
0
0
0
0
0
0
0
0
0
0
0
0
0
0
0
0
0
0
0
0
0
0
0
0
0
0
0
0.00170113
0.00168329
0.00127381
0.00157378
0.0019678
0
0
0
0
0
0
0
0
0
0
0
0
0
0
0
0
0
0
0
0
0
0
0
0
0
0
0
0
0
0
0
0
0
0
0
0
0
0
0
0
0
0
0
0
0.00169471
0.00168372
0.00121694
0.00148828
0.00179669
0
0
0
0
0
0
0
0
0
0
0
0
0
0
0
0
0
0
0
0
0
0
0
0
0
0
0
0
0
0
0
0
0
0
0
0
0
0
0
0
0
0
0
0
0.000939675
0.000779425
0.000908514
0.00118188
0.00142187
0.00161572
0.00184306
0.00204927
0.00218186
0.00242169
0.00262184
0.00256075
0.00291879
0.00584414
0
0
0
0
0
0
0
0
0
0
0
0
0
0
0
0
0
0
0
0
0
0
0
0
0
0
0
0
0
0
0
0
0
0
0
0.000938195
0.000773869
0.000916551
0.00117918
0.00144951
0.00164989
0.00187939
0.00206932
0.00217681
0.00233008
0.00220179
0.00313222
0.00568673
0.0073098
0
0
0
0
0
0
0
0
0
0
0
0
0
0
0
0
0
0
0
0
0
0
0
0
0
0
0
0
0
0
0
0
0
0
0
0.00176238
0.00144532
0.00138021
0.00183911
0.00226349
0.00227167
0.00276146
0
0
0
0
0
0
0
0
0
0
0
0
0
0
0
0
0
0
0
0
0
0
0
0
0
0
0
0
0
0
0
0
0
0
0
0
0
0
0
0
0
0
0.00171625
0.00144103
0.00136625
0.00181819
0.00222468
0.00196417
0.0022169
0
0
0
0
0
0
0
0
0
0
0
0
0
0
0
0
0
0
0
0
0
0
0
0
0
0
0
0
0
0
0
0
0
0
0
0
0
0
0
0
0
0
0.00171758
0.00144184
0.00138275
0.00160046
0.00153984
0.00147772
0.00256507
0
0
0
0
0
0
0
0
0
0
0
0
0
0
0
0
0
0
0
0
0
0
0
0
0
0
0
0
0
0
0
0
0
0
0
0
0
0
0
0
0
0
0.00171699
0.00144633
0.00138397
0.00157156
0.00157435
0.00185004
0.00171236
0
0
0
0
0
0
0
0
0
0
0
0
0
0
0
0
0
0
0
0
0
0
0
0
0
0
0
0
0
0
0
0
0
0
0
0
0
0
0
0
0
0
