neutral
2
photon
kaon/neutron
16
EtoN_ecal
EtoN_hcal
ex
dmean
L1
EecalToEtot
Eecal
Ehcal
Edmean
Necal
Nhcal
L2
L3
EL1
EL2
EL3
7
1
1
1
1
1
1
1
EtoN_ecal
EtoN_hcal
ex
dmean
L1
EecalToEtot
EL1
EtoN_ecal
0   0.001   100
EtoN_hcal
0   0.001   100
ex
0   1e-05   100
dmean
0   1   100
L1
0   1   40
EecalToEtot
0   0.01   100
EL1
0   1   30
75  1e-20  1e-20  1e-20  2  1  1  3  9  25  54  101  169  212  259  261  304  276  246  192  177  167  152  122  136  101  86  78  84  60  56  55  57  58  58  42  50  36  34  46  47  36  27  37  30  40  39  44  41  38  39  37  41  41  39  41  48  43  40  45  35  45  47  37  43  45  38  37  44  42  69  49  60  47  55  45  51  53  61  43  46  54  59  55  54  47  41  51  51  53  56  50  49  47  51  55  59  67  51  8504
3436  1e-20  1e-20  1e-20  1e-20  1e-20  1e-20  1e-20  64  127  147  186  236  242  291  333  377  493  535  640  709  773  857  856  815  777  610  536  413  319  248  178  138  128  97  74  44  54  46  22  26  24  22  21  15  17  9  11  7  10  3  2  2  8  1  2  8  2  1  2  4  4  1e-20  1  4  3  5  3  1e-20  1  2  1  4  2  2  1e-20  2  1  1  2  1e-20  1  1  1e-20  1  1  1  1e-20  1  1e-20  1  1e-20  2  1e-20  1e-20  1e-20  1e-20  1e-20  1e-20  39
3  10  12  43  183  583  744  675  579  494  452  369  387  259  279  218  241  189  176  191  144  155  139  139  133  124  108  106  110  93  89  76  67  76  74  80  53  73  70  59  60  61  62  56  55  51  52  46  40  49  33  41  50  38  52  42  41  48  41  43  31  30  27  45  36  45  31  24  25  24  32  27  24  19  29  29  18  24  31  27  36  23  26  20  27  21  23  19  19  18  24  22  27  19  23  19  18  13  22  5071
1e-20  1e-20  1e-20  1e-20  1e-20  1e-20  1e-20  2  12  10  18  19  40  57  57  85  108  134  184  188  215  290  324  354  419  421  492  496  567  645  746  754  804  745  895  910  820  704  581  404  301  218  185  147  124  110  71  65  51  46  74  42  46  43  42  29  32  35  33  36  27  22  28  22  16  15  21  11  24  20  14  16  17  13  16  9  15  13  7  6  9  9  12  6  9  7  9  14  9  14  13  11  10  10  8  6  11  11  6  338
4874  862  954  973  1083  1006  1025  842  733  566  455  342  246  196  147  134  102  81  53  55  35  34  46  40  19  17  11  18  17  13  18  13  3  3  14  14  7  6  27  1e-20
99  13  11  8  1  10  6  3  2  2  2  6  5  1  2  4  2  2  2  3  3  1  2  5  2  3  3  1  2  4  3  3  4  4  4  2  3  6  2  2  5  3  2  4  3  3  4  8  4  3  3  5  8  5  4  3  3  6  8  4  4  3  7  3  10  3  11  4  8  3  2  10  7  6  7  16  9  12  12  14  12  7  15  21  18  23  19  31  26  41  37  34  77  69  107  162  225  402  1383  11893
12009  1054  561  377  274  210  141  89  67  49  36  21  13  11  5  13  5  7  7  6  4  6  5  5  9  3  6  9  7  75
7627  1e-20  1e-20  1e-20  52  78  86  183  255  255  320  413  471  538  634  647  753  772  776  771  795  777  817  759  778  692  685  600  613  610  511  493  494  416  407  371  377  301  328  320  291  265  300  252  239  236  189  194  207  215  175  170  161  179  166  157  128  136  136  128  154  135  121  136  123  104  105  116  127  107  116  109  118  103  93  104  88  88  94  74  92  90  91  85  96  76  76  95  77  62  74  59  66  79  73  75  64  71  67  3812
2868  1e-20  1e-20  1e-20  1e-20  1e-20  1e-20  1e-20  31  71  122  142  151  245  339  420  553  679  777  878  937  1073  1099  1161  1147  1190  1226  1187  1131  1011  1002  952  946  974  953  950  982  898  862  826  776  718  665  566  520  483  415  392  390  333  304  287  242  215  219  201  185  177  173  167  153  114  94  111  97  85  80  75  74  67  65  51  55  47  38  41  25  46  27  41  28  24  27  23  18  27  30  22  15  12  16  9  13  24  15  12  6  17  10  249
1148  2512  1486  953  743  574  496  428  390  320  319  283  259  261  222  230  206  186  198  174  182  156  180  174  164  154  163  153  152  162  153  157  129  152  142  138  136  131  136  126  135  150  149  114  129  133  119  112  119  132  113  141  136  102  116  110  121  122  138  122  95  118  95  115  107  106  101  95  118  88  101  105  104  89  87  78  89  74  85  90  98  81  66  80  80  72  69  62  78  76  66  74  70  79  86  75  65  74  59  16903
1e-20  1e-20  1e-20  1e-20  1e-20  1e-20  1e-20  1e-20  6  5  10  19  28  26  27  47  61  55  50  49  67  66  70  56  62  65  76  71  72  66  74  88  76  77  61  70  78  69  74  66  75  93  76  100  77  86  80  107  77  82  88  106  94  100  110  88  89  103  98  112  102  111  106  120  116  101  106  108  109  128  122  152  137  130  135  126  136  137  136  165  136  145  151  174  155  169  165  217  198  203  216  216  205  189  228  220  234  267  277  27318
3702  411  451  446  487  495  489  477  498  481  543  491  536  526  533  524  509  577  579  575  572  597  596  565  551  565  553  593  621  623  738  869  891  983  1083  1304  1624  2396  8140  1e-20
11317  1527  1100  827  698  601  536  471  412  376  359  313  279  312  295  261  256  225  228  213  193  212  202  184  183  176  175  190  154  174  152  171  159  158  167  166  144  158  178  161  157  185  176  168  152  154  153  161  162  164  144  161  175  164  163  157  156  177  159  162  151  142  162  171  146  148  142  145  137  141  155  173  158  159  148  134  142  148  143  144  159  152  138  157  159  127  151  147  167  172  196  181  178  199  212  255  280  313  295  3254
11019  2011  1484  1258  1039  897  792  758  697  547  572  493  444  447  459  422  399  346  347  346  404  449  489  491  533  519  570  632  703  7627
