charged
3
electron
muon
pion
16
EtoN_ecal
EtoN_hcal
ex
dmean
L1
EecalToEtot
Eecal
Ehcal
Edmean
Necal
Nhcal
L2
L3
EL1
EL2
EL3
6
1
1
1
1
1
1
EtoN_ecal
EtoN_hcal
ex
dmean
L1
EecalToEtot
EtoN_ecal
0   0.001   100
EtoN_hcal
0   0.001   100
ex
0   1e-05   100
dmean
0   1   100
L1
0   1   40
EecalToEtot
0   0.01   100
1e-20  1e-20  1e-20  1e-20  1e-20  1e-20  1e-20  1e-20  1e-20  1e-20  1e-20  1e-20  1  1e-20  3  7  7  7  12  24  33  36  34  43  68  88  86  88  104  104  89  83  113  129  111  116  126  126  135  134  139  138  161  158  163  168  175  148  176  157  185  181  178  197  183  175  182  204  210  215  201  194  208  171  207  216  208  189  165  179  182  171  145  160  139  115  122  84  105  80  65  63  55  36  40  44  43  38  31  29  33  26  26  23  24  20  33  26  20  508
1847  1e-20  1e-20  1e-20  1e-20  1e-20  1e-20  1e-20  19  73  87  73  79  72  65  81  86  93  113  122  120  140  173  172  166  179  178  182  202  210  163  233  216  209  201  208  221  229  214  240  190  185  200  173  176  165  162  137  142  134  101  122  88  93  74  86  71  73  57  55  47  32  45  37  36  41  22  31  29  15  21  22  17  17  22  13  11  20  16  5  13  13  6  7  10  6  7  3  5  6  5  4  5  1  6  6  2  1  2  67
1e-20  1e-20  3  6  8  15  30  61  107  153  246  333  414  416  425  411  354  356  270  245  241  205  201  189  181  145  156  147  131  121  117  101  107  98  97  83  72  85  73  65  67  70  60  58  68  54  44  66  32  46  58  44  32  35  39  40  31  43  44  25  41  36  22  36  27  25  28  19  20  33  11  28  29  27  26  19  32  26  17  11  23  23  19  22  13  15  12  20  23  19  18  19  14  15  15  12  23  20  12  1550
1e-20  1e-20  1e-20  1e-20  1e-20  1e-20  1e-20  2  7  41  81  96  98  114  176  199  243  320  390  451  544  650  732  791  865  801  629  443  257  197  173  130  115  98  80  92  72  77  56  55  51  43  51  38  44  35  37  22  26  26  21  12  23  17  18  12  18  22  13  10  10  11  3  3  7  7  5  4  4  4  8  8  4  3  4  7  3  6  2  3  2  7  5  5  9  4  5  2  3  4  2  3  3  3  1  1  1  3  2  39
2796  971  294  1105  237  1065  102  915  28  732  3  575  1e-20  361  1  287  1e-20  183  1e-20  90  1  38  1e-20  20  1e-20  9  1e-20  2  1e-20  1  1e-20  1  1e-20  1  1e-20  1e-20  1e-20  1e-20  1e-20  6
1e-20  1e-20  1e-20  1e-20  1e-20  1e-20  1e-20  1e-20  1e-20  1e-20  1e-20  1e-20  1e-20  1e-20  1e-20  1e-20  1e-20  1e-20  1e-20  1e-20  1e-20  1e-20  1e-20  1e-20  1e-20  1e-20  1e-20  1e-20  1e-20  1e-20  1e-20  1e-20  1e-20  1e-20  1e-20  1e-20  1e-20  1e-20  1e-20  1e-20  1e-20  1e-20  1e-20  1e-20  1e-20  1e-20  1e-20  1e-20  1e-20  1e-20  1e-20  1e-20  1e-20  1e-20  1e-20  1e-20  1e-20  1e-20  1e-20  1e-20  1e-20  1e-20  1e-20  1e-20  1e-20  1e-20  1e-20  1e-20  1e-20  1e-20  1e-20  1e-20  1  1e-20  1e-20  1e-20  1e-20  1e-20  1e-20  1  1  1  1e-20  1  1e-20  2  1e-20  1  1e-20  3  5  8  6  8  20  31  87  279  1347  8022
1  1e-20  1e-20  1e-20  1e-20  1e-20  1e-20  22  112  507  1085  1518  1493  1296  970  753  543  357  270  201  114  98  70  65  42  40  21  29  29  10  17  14  14  13  5  11  6  1  2  2  6  3  2  1e-20  3  1  4  1  1  1e-20  2  1  2  4  1e-20  2  1e-20  1e-20  1e-20  1  2  1  2  1e-20  1e-20  1e-20  1e-20  1e-20  1e-20  1e-20  1e-20  1e-20  1  1e-20  1  1e-20  1e-20  1e-20  1e-20  1  1e-20  1e-20  1e-20  1e-20  1e-20  1e-20  1e-20  1e-20  1e-20  1e-20  1  1e-20  1e-20  1e-20  1e-20  1e-20  1e-20  1e-20  1  2
67  1e-20  1e-20  1e-20  1e-20  1e-20  1e-20  1e-20  1e-20  1e-20  1e-20  1e-20  1e-20  1e-20  1e-20  1e-20  1e-20  1e-20  1e-20  1e-20  1e-20  1  2  1  1  1e-20  1  1e-20  1  1  1  4  5  24  59  110  172  266  317  373  462  447  522  527  532  504  513  498  457  404  336  336  316  268  238  196  195  152  137  111  119  103  98  79  61  46  59  44  32  39  34  35  28  22  15  27  29  10  14  14  10  14  6  13  14  9  10  11  9  10  11  8  11  6  7  8  8  5  4  137
75  2589  3465  1942  763  346  162  89  45  41  19  23  8  6  11  3  5  7  5  5  1  3  1  4  4  6  3  1  2  5  2  2  1  2  5  3  3  5  5  2  1  2  2  1  1e-20  2  1e-20  1  1  1e-20  1  1e-20  1e-20  1  2  1  1e-20  1e-20  1  1e-20  1  1e-20  1e-20  1  1  2  1  1  1e-20  2  1e-20  1e-20  1  1  1e-20  2  1  1e-20  1e-20  1  1  1e-20  1  1  1e-20  1  1  1  1e-20  1e-20  1e-20  1  1e-20  1e-20  1e-20  1e-20  1  1e-20  1e-20  68
1  1  7  2  8  13  37  140  463  1203  1408  1283  1004  758  605  433  369  301  228  181  153  90  100  80  61  65  56  40  39  44  33  32  29  29  24  20  19  15  23  20  13  23  14  10  17  12  10  10  13  9  5  8  4  6  6  8  3  7  3  7  3  2  4  5  4  7  1  5  3  3  4  1e-20  6  3  1  4  3  2  3  5  1e-20  2  2  1  1  1  4  3  1  2  6  2  2  2  1  4  1  1e-20  1e-20  68
77  8  1  2  1  3  1  10  1  7  2  5  1  3  2  23  27  69  20  66  24  61  32  69  32  74  19  62  36  59  32  65  26  51  20  67  26  72  29  8591
15  21  26  46  55  67  117  152  227  349  501  680  878  906  908  781  650  544  459  343  306  242  212  171  112  105  87  75  62  62  51  38  39  44  35  20  24  26  22  13  17  16  12  12  17  10  14  8  9  9  5  4  6  2  3  6  8  6  2  3  7  3  3  4  1  2  2  2  2  3  3  1  2  4  3  1e-20  2  1  2  1e-20  4  2  1e-20  1e-20  2  1  1e-20  2  3  1  3  1  1e-20  1e-20  1  1  1e-20  1e-20  1e-20  68
1e-20  1e-20  1e-20  1e-20  1e-20  1e-20  1e-20  4  37  165  402  529  554  502  440  341  275  232  152  164  149  125  110  122  131  134  142  150  139  156  173  173  150  166  172  160  186  175  184  162  135  134  128  116  113  138  127  113  118  87  101  90  104  94  72  82  64  64  88  67  59  74  68  56  44  50  40  54  54  45  47  29  38  25  31  35  22  29  28  22  24  29  23  23  23  12  17  24  13  16  10  18  12  12  11  7  10  9  14  191
201  1e-20  1e-20  1e-20  1e-20  1e-20  1e-20  1e-20  4  6  8  6  5  6  8  6  1e-20  7  4  5  8  7  10  9  11  6  5  7  4  6  13  11  5  7  13  16  8  13  12  23  21  17  21  21  29  22  26  20  26  33  26  24  55  34  62  41  66  59  62  70  69  67  66  96  97  104  101  113  101  94  108  127  124  116  138  126  149  138  126  150  163  139  143  143  113  139  136  132  116  114  105  112  121  110  126  111  116  108  99  4488
619  2060  1706  1083  676  494  358  280  227  174  170  120  114  95  73  66  70  42  60  47  42  45  38  36  26  42  36  32  28  30  26  25  17  26  21  13  18  20  22  16  12  14  17  11  19  10  13  5  12  11  14  12  13  7  7  7  12  9  6  10  14  7  10  8  7  8  9  12  7  2  9  2  6  3  5  5  9  7  5  5  6  7  10  3  3  3  6  5  2  4  2  5  7  4  3  2  7  5  2  699
1e-20  1e-20  1e-20  1e-20  1  1  1e-20  1  3  4  10  2  4  2  4  3  5  5  2  3  8  3  8  5  9  6  14  8  15  14  17  14  20  23  21  16  20  29  13  22  28  23  35  37  39  47  43  47  55  53  56  53  60  43  49  47  74  69  78  83  71  86  78  73  82  79  100  98  102  82  117  110  88  104  108  88  105  100  104  103  95  107  94  87  113  108  114  110  115  117  120  115  108  117  136  113  105  106  96  4931
274  63  28  82  23  63  17  76  17  77  23  66  23  83  40  89  32  121  35  122  49  126  51  132  55  176  86  199  79  171  49  176  54  177  51  191  58  183  48  6774
2007  911  356  222  160  142  99  86  86  81  74  78  53  76  67  91  76  51  56  61  66  53  64  67  54  76  40  59  67  75  74  73  58  70  65  92  77  82  74  61  68  68  65  70  65  68  80  109  64  69  81  76  89  83  70  99  78  67  57  86  88  90  100  66  84  72  80  75  77  76  82  62  60  75  74  67  60  52  56  59  67  59  43  47  47  37  47  33  41  32  37  37  36  41  53  48  34  47  54  252
