charged
3
electron
muon
pion
16
EtoN_ecal
EtoN_hcal
ex
dmean
L1
EecalToEtot
Eecal
Ehcal
Edmean
Necal
Nhcal
L2
L3
EL1
EL2
EL3
6
1
1
1
1
1
1
EtoN_ecal
EtoN_hcal
ex
dmean
L1
EecalToEtot
EtoN_ecal
0   0.001   100
EtoN_hcal
0   0.001   100
ex
0   1e-05   100
dmean
0   1   100
L1
0   1   40
EecalToEtot
0   0.01   100
1e-20  1e-20  1e-20  1e-20  1e-20  1e-20  1e-20  1e-20  1e-20  1e-20  1e-20  1e-20  1e-20  1e-20  1e-20  1  1  1  3  1  5  2  4  2  8  7  9  10  18  13  16  16  14  18  17  23  33  20  18  27  27  22  23  24  31  28  27  23  35  35  28  32  27  37  32  28  42  36  33  43  50  27  29  43  33  28  40  50  27  39  34  50  38  44  35  41  38  54  50  52  36  44  52  37  44  48  45  48  45  51  48  43  50  57  52  46  47  58  60  7310
924  1e-20  1e-20  1e-20  1e-20  1e-20  1e-20  1e-20  27  59  64  84  97  157  170  242  266  350  464  532  621  695  766  835  746  623  520  418  288  221  161  106  88  75  44  39  33  31  17  16  20  17  7  9  6  11  10  4  7  7  8  2  3  2  1  5  1  1  4  3  1e-20  2  2  2  1  1e-20  1e-20  1e-20  1  1e-20  1  1  1  1e-20  1  1e-20  1e-20  1  1e-20  1e-20  1e-20  1e-20  1e-20  1e-20  1  1e-20  1  1e-20  1e-20  1e-20  1e-20  1e-20  1e-20  1e-20  1e-20  1e-20  1e-20  1e-20  1e-20  1
2  21  39  75  312  844  986  802  653  494  470  389  339  295  238  217  199  186  148  134  118  102  95  82  86  68  70  72  59  69  63  46  59  49  47  32  42  43  37  39  22  43  45  34  30  29  31  25  30  28  35  20  24  16  22  10  26  20  18  25  7  15  11  21  15  13  17  13  16  17  7  11  18  8  7  14  11  16  14  5  5  6  7  7  11  11  11  10  11  13  10  10  5  9  5  6  7  8  6  855
1e-20  1e-20  1e-20  1e-20  1e-20  1e-20  1e-20  1e-20  1e-20  1e-20  2  1  6  5  13  27  37  44  55  57  89  93  92  119  145  156  158  204  203  288  348  324  422  419  478  465  618  597  547  528  415  355  246  207  192  166  125  87  80  85  66  85  77  64  66  58  60  50  55  53  41  46  39  39  44  35  25  23  29  20  24  17  28  21  22  21  15  12  15  13  13  13  12  11  12  17  14  16  10  5  12  11  7  8  8  7  4  8  9  65
1634  502  665  772  814  877  883  763  598  511  422  362  247  160  145  110  88  65  47  44  34  31  23  19  16  11  8  15  10  4  5  9  10  5  2  3  1  3  5  1e-20
1e-20  1e-20  1e-20  1e-20  1e-20  1e-20  1e-20  1e-20  1e-20  1e-20  1e-20  1e-20  1e-20  1e-20  1e-20  1e-20  1e-20  1e-20  1e-20  1e-20  1e-20  1e-20  1e-20  1e-20  1e-20  1e-20  1e-20  1e-20  1e-20  1e-20  1e-20  1e-20  1e-20  1e-20  1e-20  1e-20  1e-20  1e-20  1e-20  1e-20  1e-20  1e-20  1e-20  1e-20  1e-20  1e-20  1e-20  1e-20  1e-20  1e-20  1e-20  1e-20  1e-20  1e-20  1e-20  1e-20  1e-20  1e-20  1e-20  1e-20  1e-20  1e-20  1e-20  1e-20  1e-20  1e-20  1e-20  1e-20  1e-20  1e-20  1e-20  1e-20  1e-20  1e-20  1e-20  1e-20  1e-20  1  1  1  1  1e-20  1e-20  1e-20  1  1e-20  1e-20  2  1e-20  1  1  2  3  1e-20  6  17  42  143  631  9070
1e-20  1e-20  1e-20  1e-20  1e-20  1e-20  1e-20  4  40  238  722  1078  1223  1145  999  781  660  510  422  311  227  192  159  128  106  95  90  63  63  47  47  38  31  28  39  29  16  14  19  20  8  17  11  13  12  13  10  4  6  3  4  4  5  6  5  2  3  2  2  3  1  1  2  5  3  2  1e-20  4  3  1  3  1  2  1  1  2  2  3  1e-20  1  1  1  2  1e-20  2  2  1e-20  1e-20  1e-20  2  1e-20  1e-20  1e-20  1e-20  1e-20  1  1e-20  1e-20  1  18
12  1e-20  1e-20  1e-20  1e-20  1e-20  1e-20  1e-20  1e-20  1e-20  1  1e-20  1e-20  1e-20  1e-20  1e-20  2  5  11  54  217  599  950  1184  1290  1178  977  759  515  436  312  248  181  141  93  91  71  55  43  50  40  25  25  23  21  22  17  17  10  4  5  9  9  5  5  4  2  4  3  2  3  5  3  2  3  2  2  4  3  1e-20  2  3  1e-20  1  1e-20  1e-20  1  3  1  1  1  1e-20  1e-20  1  2  1e-20  2  1  1e-20  1e-20  1e-20  1e-20  1  2  1  1e-20  1e-20  1e-20  2  6
294  1968  2508  1569  1052  675  458  331  222  154  127  94  95  43  34  36  17  16  14  6  6  4  1  1  5  5  5  1  4  2  1  3  3  1e-20  1  1e-20  1e-20  1  2  1e-20  1e-20  2  1e-20  1  1  1  1e-20  1  1  1e-20  1e-20  1e-20  1  1e-20  1e-20  1e-20  1  1e-20  1e-20  1  2  1  1e-20  1e-20  1e-20  1e-20  1e-20  2  1e-20  1  1e-20  1  1e-20  1e-20  1e-20  1e-20  1e-20  1e-20  1e-20  1  1e-20  1e-20  1e-20  1e-20  1e-20  1e-20  1e-20  1e-20  1e-20  1e-20  1e-20  1e-20  1e-20  1e-20  1  1e-20  1e-20  1e-20  1e-20  8
1e-20  1e-20  1e-20  150  1421  1437  1195  1026  871  622  534  436  312  285  220  175  144  133  104  75  63  68  51  48  36  32  42  29  25  16  15  23  20  6  12  8  12  8  8  7  8  8  5  4  4  4  3  1e-20  1e-20  6  4  4  5  1e-20  5  1  1  3  1  1  4  1  2  1e-20  1  1e-20  1  3  1e-20  1  1  1e-20  1  1e-20  1  1e-20  1e-20  1  1e-20  1e-20  1e-20  3  1e-20  1e-20  1e-20  1  1  1  1e-20  1e-20  1e-20  1e-20  1e-20  1e-20  1  1e-20  1  1e-20  1e-20  24
13  1e-20  5  1  1e-20  1  1  1  3  1e-20  9  25  55  79  54  76  78  68  81  70  74  63  76  77  72  53  80  77  79  75  299  412  436  445  424  414  443  431  5135  1e-20
7  13  20  13  22  23  32  33  53  43  55  61  81  88  124  132  155  191  209  258  348  377  409  483  479  501  486  475  451  392  383  331  286  264  241  199  192  151  143  141  114  112  105  93  70  73  55  64  50  54  43  38  47  27  34  28  30  25  29  19  21  18  20  15  12  18  25  14  11  14  10  12  13  14  7  11  7  7  5  9  3  10  7  3  4  6  6  4  2  1e-20  1e-20  2  2  1e-20  2  1  1e-20  2  1  12
1e-20  1e-20  1e-20  1e-20  1e-20  1e-20  1e-20  4  35  168  341  473  488  428  380  290  243  171  151  125  98  92  94  74  83  55  47  61  74  57  57  58  66  61  54  51  63  65  54  67  58  69  61  58  62  52  61  67  76  53  70  61  58  52  55  50  48  52  48  74  64  59  57  63  67  63  46  53  53  52  59  58  46  50  58  58  69  62  58  66  47  58  48  47  50  53  43  56  47  47  55  43  61  52  53  45  50  45  45  2404
56  1e-20  1e-20  1e-20  1e-20  1e-20  1e-20  1e-20  1  4  2  2  7  6  7  10  18  11  20  24  24  29  41  31  37  48  73  76  99  111  144  201  207  269  336  394  399  425  517  487  416  434  353  338  353  283  320  268  250  220  186  200  189  164  120  153  147  135  103  110  107  95  79  77  77  77  84  60  63  37  49  44  36  37  40  33  34  32  36  18  21  19  27  19  26  16  14  20  16  15  12  9  4  5  5  7  7  5  4  99
1862  2747  1373  818  538  388  294  192  170  149  128  105  83  81  67  61  47  51  39  41  35  16  31  21  29  28  23  23  16  24  23  19  23  15  18  20  16  12  18  11  13  19  11  10  10  14  12  10  4  10  5  12  3  4  7  3  6  7  2  8  10  9  4  6  5  9  3  1  2  8  8  5  9  4  4  6  2  2  3  5  3  5  6  2  7  4  2  3  2  6  2  5  1  3  6  7  3  5  3  318
1e-20  1e-20  1e-20  1e-20  8  5  4  2  2  1e-20  1  2  2  2  1e-20  4  3  3  2  2  1  4  3  4  1  6  4  5  5  2  5  4  3  8  6  3  5  6  9  6  8  7  11  4  9  7  8  10  17  12  12  9  12  6  22  20  23  16  20  13  23  19  16  10  25  28  18  23  30  49  32  30  34  44  43  46  42  48  46  49  46  56  75  62  70  68  58  69  87  79  81  91  82  95  100  112  109  110  130  7710
86  18  19  20  23  21  30  26  29  24  28  35  27  41  42  31  49  39  35  38  49  65  57  62  68  82  74  83  94  118  141  176  196  263  303  453  617  1024  5737  1e-20
2282  728  274  158  115  104  80  91  74  69  70  62  54  58  73  59  64  59  69  56  83  64  63  59  52  65  55  71  58  66  62  70  76  67  75  90  84  73  79  83  79  80  80  97  87  77  88  86  98  83  84  95  98  82  98  80  98  107  100  115  91  88  100  72  84  86  72  82  90  81  92  67  76  82  69  61  82  75  79  85  54  60  49  69  54  40  53  48  36  39  32  42  28  44  31  39  31  33  34  87
