charged
3
electron
muon
pion
16
EtoN_ecal
EtoN_hcal
ex
dmean
L1
EecalToEtot
Eecal
Ehcal
Edmean
Necal
Nhcal
L2
L3
EL1
EL2
EL3
6
1
1
1
1
1
1
EtoN_ecal
EtoN_hcal
ex
dmean
L1
EecalToEtot
EtoN_ecal
0   0.001   100
EtoN_hcal
0   0.001   100
ex
0   1e-05   100
dmean
0   1   100
L1
0   1   40
EecalToEtot
0   0.01   100
1e-20  1e-20  1e-20  1e-20  1e-20  1e-20  1e-20  1e-20  1e-20  1e-20  1  2  1e-20  3  14  11  32  44  58  99  122  137  182  214  248  278  291  300  341  324  347  373  317  264  212  114  91  42  24  10  6  5  1  3  1  1e-20  1e-20  1  1e-20  1e-20  1e-20  1  1e-20  1e-20  1e-20  1e-20  1e-20  1e-20  1e-20  1e-20  1  1e-20  1e-20  1e-20  1e-20  1e-20  1e-20  1e-20  1e-20  1e-20  1e-20  1e-20  1e-20  1e-20  1e-20  1e-20  1e-20  1e-20  1e-20  1e-20  1e-20  1e-20  1e-20  1e-20  1e-20  1e-20  1e-20  1e-20  1e-20  1e-20  1e-20  1e-20  1e-20  1e-20  1e-20  1e-20  1e-20  1e-20  1e-20  1e-20
3494  1e-20  1e-20  1e-20  1e-20  1e-20  1e-20  1e-20  13  44  52  49  22  20  33  39  20  22  27  20  25  21  22  18  17  16  12  26  21  8  15  12  14  16  14  16  10  14  17  9  15  15  13  6  20  13  8  8  10  8  12  13  5  5  5  6  3  7  4  12  3  6  6  4  5  3  3  2  4  2  3  5  2  6  6  4  1  3  2  2  2  1  5  1  3  2  1  3  1  1  2  1  1  3  1e-20  1  1  2  1  44
4  1e-20  1e-20  1e-20  1e-20  1e-20  1e-20  1e-20  1  1e-20  1e-20  1e-20  1e-20  1e-20  1e-20  1e-20  1e-20  1e-20  1e-20  1e-20  1e-20  1e-20  1e-20  1e-20  1e-20  1e-20  1e-20  1e-20  1e-20  1  1e-20  1e-20  1e-20  1e-20  1  1e-20  1e-20  1e-20  1e-20  1e-20  1  1e-20  1e-20  1e-20  1e-20  1  1e-20  1e-20  1  1e-20  1e-20  1e-20  1e-20  1e-20  1  1e-20  1  2  1e-20  2  1  2  1e-20  1e-20  2  1  1e-20  1e-20  1  1e-20  1  1  2  4  2  1e-20  1e-20  2  2  4  2  3  2  1  3  2  4  1e-20  1  3  2  4  5  6  3  5  8  4  3  4412
1e-20  1e-20  1e-20  1e-20  1e-20  1e-20  1e-20  3  10  23  44  110  158  310  379  491  493  428  322  249  198  151  124  113  100  82  57  45  52  47  32  19  32  31  32  24  27  25  14  17  10  9  9  10  8  6  5  10  8  14  9  6  8  6  2  9  3  5  3  2  1  2  5  2  4  3  1  2  7  1  2  7  3  1  4  2  3  2  1  1  2  5  2  1e-20  1  1e-20  2  2  3  2  1  2  1  1  1  1  1e-20  2  1  47
3929  223  29  158  12  79  2  49  1e-20  22  1e-20  8  1e-20  3  1e-20  1e-20  1e-20  1e-20  1e-20  1e-20  1e-20  1e-20  1e-20  1e-20  1e-20  1e-20  1e-20  1e-20  1e-20  1e-20  1e-20  1e-20  1e-20  1e-20  1e-20  1e-20  1e-20  1e-20  1e-20  1e-20
1e-20  1e-20  1e-20  1e-20  1e-20  1e-20  1e-20  1e-20  1e-20  1e-20  1e-20  1e-20  1e-20  1e-20  1e-20  1e-20  1e-20  1e-20  1e-20  1e-20  1e-20  1e-20  1e-20  1e-20  1e-20  1e-20  1e-20  1e-20  1e-20  1e-20  1e-20  1e-20  1e-20  1e-20  1e-20  1e-20  1e-20  1e-20  1e-20  1e-20  1e-20  1e-20  1e-20  1e-20  1e-20  1e-20  1e-20  1e-20  1e-20  1e-20  1e-20  1e-20  1e-20  1e-20  1e-20  1e-20  1e-20  1e-20  1e-20  1e-20  1e-20  1e-20  1e-20  1e-20  1e-20  1e-20  1e-20  1e-20  1e-20  1e-20  1e-20  1e-20  1e-20  1e-20  1e-20  1e-20  1e-20  1e-20  1e-20  1e-20  1e-20  1e-20  1e-20  1e-20  1e-20  1e-20  1e-20  1e-20  1e-20  1e-20  1e-20  1e-20  1e-20  2  8  21  30  59  194  4200
1  1e-20  1e-20  1e-20  1e-20  1e-20  1e-20  9  61  273  575  750  723  590  443  332  248  145  113  85  56  55  37  26  19  18  21  16  11  10  12  6  11  10  6  5  7  5  2  3  1e-20  2  3  2  5  1  1  1e-20  2  1e-20  1e-20  1e-20  1  1  1  1e-20  1  1e-20  1e-20  1e-20  1e-20  1e-20  1e-20  1e-20  1  1e-20  1e-20  1e-20  1e-20  1e-20  1  1e-20  1e-20  1e-20  1e-20  1e-20  1e-20  1e-20  1e-20  1e-20  1e-20  1e-20  1e-20  1e-20  1e-20  1e-20  1e-20  1e-20  1e-20  1e-20  1e-20  1e-20  1e-20  1e-20  1e-20  1e-20  1e-20  1e-20  1e-20  1e-20
240  1e-20  1e-20  1e-20  1e-20  1e-20  1e-20  1e-20  1e-20  2  1e-20  1e-20  1e-20  1  1e-20  1e-20  1e-20  1e-20  1e-20  1e-20  1  1  1e-20  1e-20  1e-20  1e-20  1e-20  1e-20  1e-20  1e-20  1e-20  1e-20  6  17  41  62  98  126  142  197  189  231  231  246  249  222  220  222  201  208  168  151  155  123  108  87  99  79  72  59  56  47  34  32  26  30  25  17  12  5  9  15  10  14  13  10  8  7  6  5  11  1  1  2  1  1e-20  1  3  4  1  1  1  4  1  3  3  1  3  1  28
1e-20  159  834  881  715  454  289  188  121  81  47  50  49  43  40  30  28  30  21  29  24  18  12  15  16  17  14  15  10  11  9  16  8  7  8  12  7  4  5  5  8  2  4  1  2  5  2  5  5  1  7  8  3  5  7  3  4  1  6  3  3  5  3  8  3  2  2  6  6  4  1  2  3  2  1  2  4  4  1e-20  1e-20  1  2  4  1e-20  2  3  1e-20  2  1e-20  1  1  3  2  1  1e-20  5  2  3  1  208
1e-20  1e-20  1  1  1e-20  5  9  10  48  115  144  182  190  199  209  194  180  179  150  135  132  125  131  89  107  74  70  78  74  82  77  48  52  51  41  46  51  44  35  34  50  41  35  28  32  28  32  25  25  37  24  20  16  26  19  24  16  23  23  20  17  14  13  9  14  15  17  16  13  12  12  8  12  14  5  8  12  10  9  8  12  12  9  11  8  6  7  9  7  10  9  7  7  8  8  7  7  3  7  378
274  20  3  11  4  13  5  18  8  15  4  16  6  17  11  32  8  24  11  39  12  41  22  50  16  39  21  37  9  49  10  42  22  44  13  36  15  40  18  3631
1  1e-20  1  5  3  8  8  33  69  122  220  312  396  479  455  421  338  289  232  190  121  95  101  60  60  37  36  33  28  22  25  10  19  16  14  12  17  11  3  12  8  7  7  4  11  2  4  7  4  3  2  2  6  4  2  2  1  4  3  1  4  2  3  1  3  2  1e-20  2  2  1e-20  3  1  2  3  1e-20  2  1  3  2  1  2  2  3  3  3  3  2  3  1  2  1  1  1e-20  1  1e-20  1e-20  1  1  2  240
1e-20  1e-20  1e-20  1e-20  1e-20  1e-20  1  4  21  80  193  230  250  226  195  167  131  98  102  104  124  142  119  154  150  141  149  127  102  122  118  110  86  89  102  78  74  54  64  69  50  52  43  33  39  34  40  17  30  14  13  24  15  13  10  17  8  13  9  3  7  6  6  8  7  4  5  4  3  5  3  3  3  4  6  4  1  1e-20  3  3  3  1  2  1  1e-20  1  1e-20  4  1e-20  1  1  1e-20  1  1e-20  1  1  3  1  1e-20  13
497  1e-20  1e-20  1e-20  1e-20  1e-20  1e-20  1e-20  7  23  23  14  9  13  14  16  17  16  16  12  14  13  17  22  12  17  16  19  23  20  23  22  26  31  27  26  35  25  25  22  32  44  43  38  26  44  44  34  47  51  52  54  50  59  43  58  61  66  64  60  61  74  52  67  65  73  74  65  74  66  73  50  69  66  65  59  55  46  54  49  56  44  51  40  47  38  46  40  35  32  22  41  37  30  36  25  22  17  30  544
1e-20  1  8  14  24  19  37  33  35  32  39  43  35  43  31  46  40  39  40  44  42  40  35  44  44  35  31  29  30  31  31  49  39  39  34  31  37  41  42  40  27  30  20  36  27  27  35  28  33  35  28  31  24  31  22  28  16  30  22  26  17  26  11  23  27  23  17  22  15  21  34  18  24  20  22  17  13  22  24  18  16  14  12  18  18  16  13  14  13  20  27  13  14  15  17  22  12  15  19  1947
1e-20  1e-20  1e-20  1e-20  1  1  1e-20  1e-20  1e-20  4  5  1  3  1e-20  4  3  7  6  12  11  10  12  14  15  13  14  9  20  22  24  21  26  27  31  24  38  47  33  42  44  45  42  43  53  52  49  46  47  45  58  53  45  50  50  72  46  57  68  63  69  64  56  52  54  46  55  68  60  60  55  59  67  57  55  50  59  60  60  77  48  58  59  57  49  54  26  37  40  40  48  35  40  53  33  42  28  32  29  25  1028
674  177  64  172  74  208  43  191  56  159  31  146  41  134  26  122  25  131  25  145  17  108  25  112  26  117  19  129  12  116  12  90  6  80  12  74  6  87  4  876
1e-20  2  27  103  134  148  147  108  99  99  77  65  55  80  59  45  47  43  38  30  25  33  20  30  25  21  19  23  23  20  25  28  14  22  23  21  19  9  13  19  26  14  10  18  16  23  22  16  18  16  20  23  25  27  28  28  26  32  19  25  24  32  26  29  17  27  30  27  38  26  28  27  37  22  37  25  32  32  30  38  36  27  40  45  46  44  45  48  45  56  62  45  60  52  75  69  83  109  113  618
