neutral
2
photon
kaon/neutron
16
EtoN_ecal
EtoN_hcal
ex
dmean
L1
EecalToEtot
Eecal
Ehcal
Edmean
Necal
Nhcal
L2
L3
EL1
EL2
EL3
7
1
1
1
1
1
1
1
EtoN_ecal
EtoN_hcal
ex
dmean
L1
EecalToEtot
EL1
EtoN_ecal
0   0.001   100
EtoN_hcal
0   0.001   100
ex
0   1e-05   100
dmean
0   1   100
L1
0   1   40
EecalToEtot
0   0.01   100
EL1
0   1   30
1  1e-20  1e-20  1e-20  1e-20  1e-20  1e-20  1  3  4  11  29  29  34  55  58  63  64  88  115  130  142  163  145  178  177  243  240  261  252  283  286  277  255  220  174  118  72  45  22  14  11  9  1  6  3  5  1  1  1  2  1e-20  1  1e-20  2  1e-20  1e-20  1e-20  1e-20  1e-20  1e-20  1e-20  1e-20  1e-20  1e-20  1e-20  1e-20  1e-20  1e-20  1e-20  1e-20  1e-20  1e-20  1e-20  1e-20  1e-20  1e-20  1e-20  1e-20  1e-20  1e-20  1e-20  1e-20  1e-20  1e-20  1e-20  1e-20  1e-20  1e-20  1e-20  1e-20  1e-20  1e-20  1e-20  1e-20  1e-20  1e-20  1e-20  1e-20  1e-20  
3138  1e-20  1e-20  1e-20  1e-20  1e-20  1e-20  1e-20  14  52  44  43  30  38  32  21  31  30  31  32  33  22  36  18  18  14  16  17  18  24  21  16  29  17  14  17  16  24  17  16  12  16  13  17  3  16  11  15  8  13  1e-20  7  10  11  9  6  4  10  6  6  4  2  5  10  2  7  5  3  5  2  7  2  3  2  3  4  6  3  5  4  1  1  1e-20  1e-20  3  2  1  4  3  3  2  1e-20  3  1  1  1  3  1e-20  2  48  
1e-20  1e-20  1e-20  1e-20  1e-20  1e-20  1e-20  1e-20  1e-20  1e-20  1e-20  1e-20  1e-20  1e-20  1e-20  1e-20  1e-20  1e-20  1e-20  1e-20  1e-20  1e-20  1e-20  1e-20  1e-20  1e-20  1e-20  1e-20  1e-20  1e-20  1  1e-20  1e-20  1e-20  1e-20  1e-20  1e-20  1e-20  1e-20  1e-20  1e-20  1e-20  1e-20  1e-20  1e-20  1  1e-20  1  1e-20  1e-20  1e-20  1  2  1e-20  1  1e-20  1e-20  1e-20  1  1e-20  1e-20  2  2  1e-20  1  1  1  1  1e-20  1  1e-20  1e-20  1  1  1  1  1  1  1  1e-20  3  2  1  1  2  3  2  4  1  1e-20  2  6  4  5  4  2  2  2  4  4221  
1e-20  1e-20  1  10  21  28  36  55  96  132  172  273  408  538  673  659  508  311  149  61  48  18  8  13  5  5  5  5  4  6  2  4  4  1  3  4  3  4  2  2  1  2  1e-20  1e-20  1e-20  3  1e-20  1  4  1e-20  1e-20  1e-20  1e-20  1  1e-20  1e-20  1e-20  1  1e-20  1e-20  1e-20  1e-20  1  1e-20  1e-20  1e-20  1  1e-20  1e-20  1e-20  1e-20  1e-20  1e-20  1e-20  1e-20  1e-20  1e-20  1e-20  1e-20  1  1e-20  1e-20  1e-20  1e-20  1e-20  1e-20  1e-20  1e-20  1e-20  1e-20  1e-20  1e-20  1  1e-20  1e-20  1e-20  1e-20  1e-20  1e-20  1  
3555  282  19  188  7  128  1  79  1e-20  28  1e-20  4  1e-20  3  1e-20  1e-20  1e-20  1e-20  1e-20  1  1e-20  1e-20  1e-20  1e-20  1e-20  1e-20  1e-20  1e-20  1e-20  1e-20  1e-20  1e-20  1e-20  1e-20  1e-20  1e-20  1e-20  1e-20  1e-20  1e-20  
1  1e-20  1e-20  1e-20  1e-20  1e-20  1e-20  1e-20  1e-20  1e-20  1e-20  1e-20  1e-20  1e-20  1e-20  1e-20  1e-20  1e-20  1e-20  1e-20  1e-20  1e-20  1e-20  1e-20  1e-20  1e-20  1e-20  1e-20  1e-20  1e-20  1e-20  1e-20  1e-20  1e-20  1e-20  1e-20  1e-20  1e-20  1e-20  1  1e-20  1e-20  1e-20  1e-20  1e-20  1e-20  1e-20  1e-20  1e-20  1e-20  1e-20  1e-20  1e-20  1e-20  1e-20  1e-20  1e-20  1e-20  1e-20  1e-20  1e-20  1e-20  1e-20  1e-20  1e-20  1e-20  1e-20  1e-20  1e-20  1e-20  1e-20  1e-20  1e-20  1e-20  1e-20  1e-20  1e-20  1e-20  1  1e-20  1e-20  1e-20  1  1e-20  1e-20  1  2  2  2  2  1  3  4  3  8  24  46  87  226  3880  
3212  433  252  124  98  53  42  24  17  9  9  14  5  2  1e-20  1e-20  1e-20  1e-20  1e-20  1e-20  1e-20  1e-20  1e-20  1e-20  1e-20  1e-20  1e-20  1e-20  1e-20  1  
1097  1e-20  1e-20  5  5  6  10  14  14  12  13  16  16  45  36  41  43  76  72  71  68  69  63  99  91  82  90  101  119  108  105  100  93  90  108  91  80  68  60  62  59  60  48  47  50  49  33  32  37  28  35  33  20  23  19  30  17  25  20  25  11  10  10  17  16  4  10  9  10  7  7  8  7  8  8  12  8  9  6  6  4  6  3  4  3  8  5  3  2  1  3  3  2  1  2  4  2  2  2  86  
505  1e-20  1e-20  1e-20  1e-20  1e-20  1e-20  1e-20  1e-20  10  11  8  14  14  13  12  11  12  14  14  11  14  15  18  26  16  17  12  14  21  16  19  24  17  29  20  22  25  25  28  29  32  28  48  32  36  33  35  32  41  39  35  44  56  54  52  45  60  54  51  58  58  74  69  75  71  59  65  65  52  48  63  65  51  65  51  46  59  58  71  67  41  49  44  35  47  35  47  39  42  35  35  36  31  35  24  25  31  21  553  
1e-20  1e-20  2  3  1  7  10  10  10  8  17  19  24  16  11  16  16  17  21  17  17  30  17  22  25  26  17  22  24  17  20  26  29  22  18  17  13  14  23  18  25  17  16  19  17  24  14  20  17  18  22  19  20  13  16  23  17  25  15  15  11  17  30  16  22  15  21  20  11  16  23  13  12  18  17  27  22  18  16  11  20  15  12  13  16  16  14  16  15  19  11  15  20  11  18  15  15  12  18  2697  
1e-20  1e-20  1e-20  2  2  2  7  6  5  2  8  3  4  3  7  7  6  7  9  11  13  9  10  16  4  14  13  17  18  10  15  24  20  18  20  23  26  13  27  23  23  31  22  29  20  25  34  35  26  39  40  37  30  39  24  41  43  49  38  50  40  58  43  34  64  48  48  58  55  51  56  44  39  50  40  39  60  52  55  52  63  49  52  55  43  54  63  70  47  42  49  61  42  53  34  48  49  42  47  1310  
660  136  22  155  29  177  16  201  20  180  20  170  30  141  13  137  19  152  24  137  20  114  19  122  19  134  14  115  11  103  8  98  6  89  10  83  5  88  1  860  
1263  93  52  46  44  44  21  25  25  12  11  16  14  23  18  12  8  19  25  19  10  14  16  18  10  15  16  13  12  14  19  15  13  18  11  9  9  7  10  18  14  20  17  9  15  11  21  9  13  16  14  13  16  9  16  14  22  21  14  20  16  18  16  22  25  16  22  18  35  29  28  20  22  27  31  27  27  31  31  37  22  28  30  40  31  36  31  42  36  50  49  55  45  62  57  67  65  99  84  570  
1512  241  202  146  122  111  87  69  62  40  66  39  34  38  40  36  32  30  30  48  27  37  23  29  36  44  42  38  1e-20  1097  
