neutral
2
photon
kaon/neutron
16
EtoN_ecal
EtoN_hcal
ex
dmean
L1
EecalToEtot
Eecal
Ehcal
Edmean
Necal
Nhcal
L2
L3
EL1
EL2
EL3
7
1
1
1
1
1
1
1
EtoN_ecal
EtoN_hcal
ex
dmean
L1
EecalToEtot
EL1
EtoN_ecal
0   0.001   100
EtoN_hcal
0   0.001   100
ex
0   1e-05   100
dmean
0   1   100
L1
0   1   40
EecalToEtot
0   0.01   100
EL1
0   1   30
4  1e-20  1e-20  1e-20  1e-20  1e-20  3  16  25  60  88  193  306  429  597  681  646  610  531  415  346  259  226  168  155  142  112  117  105  81  80  78  76  91  95  100  86  112  90  92  71  119  101  105  118  119  82  136  133  133  130  146  128  151  150  128  141  147  126  156  152  142  141  134  149  158  159  166  165  146  158  165  152  153  141  129  116  130  114  108  112  79  96  92  55  67  56  55  40  34  31  42  26  32  29  27  19  12  15  172
6106  1e-20  1e-20  1e-20  1e-20  1e-20  1e-20  1e-20  24  65  81  80  82  60  86  64  87  80  79  101  104  117  108  111  132  120  128  171  167  175  186  169  169  173  161  187  205  203  199  196  176  203  207  175  168  181  176  160  153  140  103  109  109  108  92  95  98  71  74  49  59  61  53  40  41  35  48  36  23  25  23  15  29  18  26  19  15  16  17  16  13  24  9  13  12  6  10  10  13  7  9  3  6  7  8  7  8  1e-20  2  99
1e-20  3  2  1  7  7  21  51  81  165  220  301  315  345  315  294  270  280  219  217  169  159  153  141  146  123  102  94  109  97  99  81  79  91  70  61  64  68  66  53  61  51  47  47  44  53  42  42  37  55  24  45  31  37  35  27  31  29  17  27  30  23  33  28  32  23  21  25  29  23  19  15  17  20  28  22  15  18  6  10  16  9  15  16  14  10  13  13  13  14  12  12  13  8  12  11  15  14  12  7104
1e-20  1e-20  1e-20  4  18  64  132  200  232  196  225  237  242  285  331  385  526  681  781  938  1000  1081  1060  891  709  483  306  194  155  170  157  151  119  119  124  112  100  79  81  79  80  83  77  68  59  61  50  55  39  34  36  30  32  32  18  29  28  29  30  18  22  16  15  14  12  14  6  11  5  6  3  3  3  4  4  3  5  1  2  3  2  2  1  2  1  1e-20  1  1e-20  1e-20  1e-20  1e-20  1e-20  1e-20  2  1e-20  1e-20  1e-20  1e-20  1e-20  6
7053  887  69  933  65  974  30  891  9  831  5  653  1e-20  451  1e-20  368  1  217  1e-20  127  1e-20  73  1e-20  32  1e-20  13  1e-20  6  1e-20  9  1e-20  1  1e-20  1  1e-20  1  1e-20  1e-20  1e-20  4
4  1e-20  1e-20  1e-20  1e-20  1  1e-20  1e-20  1  1e-20  1e-20  1e-20  1  1e-20  1e-20  1e-20  1e-20  2  1e-20  1  1  1e-20  1e-20  1e-20  1  1e-20  1e-20  2  1  1  1e-20  1  1  1e-20  1  1  1  1  3  3  1  4  1  2  3  1  1e-20  1  3  3  2  2  1e-20  2  4  6  3  5  5  4  7  10  3  11  11  4  3  8  13  8  13  11  9  18  17  9  12  13  11  18  19  22  25  20  21  26  38  28  37  39  38  54  61  61  89  143  215  496  1516  10467
9383  1035  689  516  337  311  281  289  237  212  157  112  82  54  1  1e-20  1e-20  1e-20  1  1  1  1e-20  1e-20  1e-20  1e-20  1  1e-20  1e-20  1e-20  4
2709  1e-20  1e-20  3  7  7  18  27  28  24  48  52  62  105  103  113  143  164  152  187  170  185  201  226  183  197  199  236  208  228  197  233  195  212  219  202  189  185  186  164  150  158  142  109  149  135  139  135  106  74  83  95  106  94  76  68  81  95  73  71  72  70  46  51  54  48  38  49  61  43  41  47  34  40  38  37  24  25  33  19  28  26  22  21  25  20  22  18  20  19  8  6  10  14  16  8  14  15  8  223
1318  1e-20  1e-20  1e-20  1e-20  1e-20  1e-20  1e-20  5  16  15  15  13  19  10  8  8  6  9  13  10  10  13  15  15  15  13  15  23  18  22  19  22  24  24  36  40  25  39  37  25  34  43  40  37  31  40  34  45  45  37  40  57  48  58  56  74  69  63  50  67  79  74  97  82  77  95  93  98  102  123  120  115  103  136  139  121  144  150  122  133  123  136  138  134  132  123  144  121  123  126  122  119  109  107  98  125  112  118  4223
461  1565  1280  867  571  403  279  250  178  169  129  113  112  100  86  68  72  65  46  47  37  38  40  41  34  32  42  27  23  24  28  22  22  24  18  19  18  16  17  15  20  16  21  15  13  12  10  13  19  17  5  15  14  17  11  14  11  8  11  15  9  10  11  12  11  8  6  7  11  10  9  12  7  7  7  9  8  4  2  12  8  5  8  7  9  8  5  11  10  3  3  8  9  9  5  9  10  3  8  3534
1e-20  1e-20  2  3  11  17  41  63  70  39  47  47  47  35  48  42  38  28  26  36  32  19  34  36  38  30  38  37  39  35  40  29  41  40  41  41  44  35  36  41  45  58  47  50  50  45  49  40  59  59  48  53  63  68  65  80  81  70  71  63  84  64  95  109  104  88  106  94  102  81  97  109  110  105  120  117  123  137  115  120  116  127  135  128  134  131  118  142  147  123  128  135  110  118  137  104  116  146  113  4501
1522  167  22  170  62  136  25  144  19  143  12  116  24  130  20  107  21  153  25  136  33  168  34  154  36  152  54  139  46  167  37  158  25  159  30  156  38  173  31  6575
4113  285  145  89  74  76  72  70  56  65  60  53  62  60  56  49  49  59  63  65  51  48  51  54  58  66  58  76  49  90  64  45  69  70  56  62  66  76  84  66  61  77  64  83  76  55  85  61  71  67  83  77  65  75  77  60  60  73  59  62  67  64  74  51  53  70  59  51  59  51  51  36  46  44  44  49  46  42  57  44  49  42  42  34  21  38  33  38  46  38  39  38  44  31  40  49  53  73  63  1379
4527  572  499  328  260  245  215  204  167  135  145  117  125  106  97  84  93  74  83  81  65  69  84  87  78  96  81  93  1e-20  2709
